5.368878532658527200e-03 -9.999855791892492407e-01 0.000000000000000000e+00 -1.107643156463359446e+01
9.999855791892494628e-01 5.368878532658527200e-03 0.000000000000000000e+00 3.788541785246196891e+00
0.000000000000000000e+00 0.000000000000000000e+00 1.000000000000000000e+00 -1.846100032329559326e+00
0.000000000000000000e+00 0.000000000000000000e+00 0.000000000000000000e+00 1.000000000000000000e+00
5.368878532658527200e-03 -9.999855791892492407e-01 0.000000000000000000e+00 -1.107643156463359446e+01
9.999855791892494628e-01 5.368878532658527200e-03 0.000000000000000000e+00 3.788541785246196891e+00
0.000000000000000000e+00 0.000000000000000000e+00 1.000000000000000000e+00 -1.694199979305267334e+00
0.000000000000000000e+00 0.000000000000000000e+00 0.000000000000000000e+00 1.000000000000000000e+00
5.339553223898372419e-03 -9.999857336186988022e-01 -1.161098390735313004e-04 -1.107651155274649568e+01
9.999857454530111101e-01 5.339557924201223348e-03 -4.002078114123855228e-05 3.788189524840014588e+00
4.064018695879582688e-05 -1.158944909915105226e-04 9.999999849168421662e-01 -1.454840452155005570e+00
0.000000000000000000e+00 0.000000000000000000e+00 0.000000000000000000e+00 1.000000000000000000e+00
5.211762921385369035e-03 -9.999864082315451652e-01 -3.051757653728749188e-04 -1.107684012576999066e+01
9.999864272576638458e-01 5.211799108381450114e-03 -1.189778306625821446e-04 3.786684687425305285e+00
1.205667227876501226e-04 -3.045515338891278587e-04 9.999999523166744897e-01 -1.368078536961950142e+00
0.000000000000000000e+00 0.000000000000000000e+00 0.000000000000000000e+00 1.000000000000000000e+00
5.220584186010859828e-03 -9.999863268274956640e-01 -3.010034291138581532e-04 -1.107682534508023764e+01
9.999863472282164434e-01 5.220614465806793468e-03 -1.015194794892094473e-04 3.786793618447450438e+00
1.030895132114270386e-04 -3.004693351869802622e-04 9.999999586953739472e-01 -1.374048269739296391e+00
0.000000000000000000e+00 0.000000000000000000e+00 0.000000000000000000e+00 1.000000000000000000e+00
5.240611199960399855e-03 -9.999862727816725139e-01 -1.145601188991345168e-04 -1.108351882984118220e+01
9.999862818038854906e-01 5.240618346008254873e-03 -6.350018729674956008e-05 3.787039649194838375e+00
6.409968642177892506e-05 -1.142257671168682084e-04 9.999999828437050597e-01 -1.390545545502845481e+00
0.000000000000000000e+00 0.000000000000000000e+00 0.000000000000000000e+00 1.000000000000000000e+00
5.232501769547061136e-03 -9.999856619845755024e-01 1.112579999947006099e-03 -1.121091900930753127e+01
9.999863030397166952e-01 5.232468579191019466e-03 -3.264632597458918498e-05 3.786967609767137422e+00
2.682431853818279912e-05 1.112735598478327556e-03 9.999993571459515618e-01 -1.390077576241185220e+00
0.000000000000000000e+00 0.000000000000000000e+00 0.000000000000000000e+00 1.000000000000000000e+00
5.244895738406259167e-03 -9.999849888614538163e-01 1.583575460134923046e-03 -1.144628118584924437e+01
9.999862437416254801e-01 5.244836234201971301e-03 -4.168942024993308582e-05 3.787106258211829335e+00
3.338320227179417159e-05 1.583772252809541965e-03 9.999987422468351594e-01 -1.392045185920422146e+00
0.000000000000000000e+00 0.000000000000000000e+00 0.000000000000000000e+00 1.000000000000000000e+00
5.245850494904146129e-03 -9.999851830666721675e-01 1.457929204310227326e-03 -1.174591583201913636e+01
9.999862340668316252e-01 5.245785769144021247e-03 -4.819827501938700589e-05 3.787110626087144105e+00
4.054957686181644014e-05 1.458161945769908272e-03 9.999989450019212134e-01 -1.397092149020701335e+00
0.000000000000000000e+00 0.000000000000000000e+00 0.000000000000000000e+00 1.000000000000000000e+00
5.243946460002525851e-03 -9.999858503677957478e-01 8.724925702160944967e-04 -1.205431151671717771e+01
9.999862516998880846e-01 5.243903527239471112e-03 -5.204702853669197603e-05 3.787082226722381595e+00
4.747102805979132046e-05 8.727535118810649710e-04 9.999995936755053938e-01 -1.405816171276803361e+00
0.000000000000000000e+00 0.000000000000000000e+00 0.000000000000000000e+00 1.000000000000000000e+00
5.296400075369426565e-03 -9.999859634953881526e-01 2.894401569144467888e-04 -1.234089245957031267e+01
9.999859867383515954e-01 5.296390850752178553e-03 -3.188234709975641858e-05 3.787665978367653619e+00
3.034890837514784501e-05 2.896049418149127344e-04 9.999999748125638632e-01 -1.413922490781508667e+00
0.000000000000000000e+00 0.000000000000000000e+00 0.000000000000000000e+00 1.000000000000000000e+00
5.296400008374384238e-03 -9.999859725304525160e-01 -1.230239877131039780e-04 -1.259749690907563036e+01
9.999859876603820474e-01 5.296400488421446236e-03 -1.625317818543806770e-06 3.787676716859337489e+00
2.276879320383646327e-06 -1.230136527669225697e-04 9.999999848624570031e-01 -1.419699725513612787e+00
0.000000000000000000e+00 0.000000000000000000e+00 0.000000000000000000e+00 1.000000000000000000e+00
5.294016076671647676e-03 -9.999859950911749173e-01 -2.743005843138616724e-04 -1.282907461500866475e+01
9.999860107249424201e-01 5.294015132713395834e-03 3.195793030717835314e-06 3.787657155800156161e+00
-1.743596610837011813e-06 -2.743136395237384781e-04 9.999999843536306887e-01 -1.421928340076207942e+00
0.000000000000000000e+00 0.000000000000000000e+00 0.000000000000000000e+00 1.000000000000000000e+00
5.293777991433334246e-03 -9.999860061260220645e-01 -8.308886586459348614e-05 -1.306506688923781212e+01
9.999860130249357271e-01 5.293777585390993870e-03 2.663160429573172479e-06 3.787654638724308853e+00
-2.223269062606504139e-06 -8.310180298425938277e-05 9.999999930891476652e-01 -1.419519003369454246e+00
0.000000000000000000e+00 0.000000000000000000e+00 0.000000000000000000e+00 1.000000000000000000e+00
5.293539079778006133e-03 -9.999859609117557335e-01 2.332925452226841548e-04 -1.333045682190882530e+01
9.999860153270371255e-01 5.293539896254888764e-03 2.130528340390899002e-06 3.787651008388471130e+00
-3.365441916442277414e-06 2.332780118469657217e-04 9.999999455700446793e-01 -1.415257154841465859e+00
0.000000000000000000e+00 0.000000000000000000e+00 0.000000000000000000e+00 1.000000000000000000e+00
5.293539267198172325e-03 -9.999859680571071552e-01 2.174377467552030690e-04 -1.360994760528447500e+01
9.999860153298146814e-01 5.293539746674121721e-03 1.597896684233969158e-06 3.787650823970023062e+00
-2.748889589234137150e-06 2.174262345369317882e-04 9.999999527182734660e-01 -1.415429797855415561e+00
0.000000000000000000e+00 0.000000000000000000e+00 0.000000000000000000e+00 1.000000000000000000e+00
5.293777892901215150e-03 -9.999860080835334397e-01 -7.033347117723865664e-05 -1.387063472956353394e+01
9.999860130288983351e-01 5.293777694306872790e-03 1.597896488008661071e-06 3.787654368128868576e+00
-1.225544333950023626e-06 -7.034094836761320781e-05 9.999999950506492929e-01 -1.419469588261184967e+00
0.000000000000000000e+00 0.000000000000000000e+00 0.000000000000000000e+00 1.000000000000000000e+00
5.293777308030782683e-03 -9.999859608094612273e-01 -2.285241721819491686e-04 -1.410831172484057561e+01
9.999860130330481267e-01 5.293777563273991196e-03 1.065264109722967317e-06 3.787654308995343388e+00
1.445068893850474194e-07 -2.285266244939599897e-04 9.999999477755631139e-01 -1.421773073512387242e+00
0.000000000000000000e+00 0.000000000000000000e+00 0.000000000000000000e+00 1.000000000000000000e+00
5.293777848615658158e-03 -9.999859912501526393e-01 -1.475810823416194258e-04 -1.434256007879253048e+01
9.999860130305541217e-01 5.293777649487775572e-03 1.065264184730823291e-06 3.787654408773795112e+00
-2.839878171129323216e-07 -1.475846577572520956e-04 9.999999782186888009e-01 -1.420639924338331639e+00
0.000000000000000000e+00 0.000000000000000000e+00 0.000000000000000000e+00 1.000000000000000000e+00
5.293777649982842233e-03 -9.999860032888165939e-01 9.870528262873145121e-05 -1.459358339609647714e+01
9.999860130291652327e-01 5.293777911844137034e-03 1.065264004722344897e-06 3.787654415207746705e+00
-1.587773015775085454e-06 9.869826365123765153e-05 9.999999902561321763e-01 -1.417000753954932302e+00
0.000000000000000000e+00 0.000000000000000000e+00 0.000000000000000000e+00 1.000000000000000000e+00
5.293539370901005972e-03 -9.999859664885195620e-01 2.210139986326009219e-04 -1.486588506285056610e+01
9.999860153318260725e-01 5.293539634678439895e-03 1.065264123888102159e-06 3.787650946326618584e+00
-2.235195657365318136e-06 2.210052676543444641e-04 9.999999511516753925e-01 -1.415114640912341626e+00
0.000000000000000000e+00 0.000000000000000000e+00 0.000000000000000000e+00 1.000000000000000000e+00
5.293777805427029269e-03 -9.999860130294422333e-01 1.192092682462767892e-06 -1.512787417698908143e+01
9.999860130297151262e-01 5.293777807968296813e-03 1.065264142649534445e-06 3.787654703559357738e+00
-1.071559974897787909e-06 1.186436836070600605e-06 9.999999999974440446e-01 -1.418456324109133249e+00
0.000000000000000000e+00 0.000000000000000000e+00 0.000000000000000000e+00 1.000000000000000000e+00
5.294016235157619418e-03 -9.999859786650552307e-01 -1.790523284219341178e-04 -1.536857093097066240e+01
9.999860107252296348e-01 5.294016023405650161e-03 1.065264145446962821e-06 3.787658743507706927e+00
-1.173433119468747561e-07 -1.790554673262956210e-04 9.999999679391270435e-01 -1.421286694824479113e+00
0.000000000000000000e+00 0.000000000000000000e+00 0.000000000000000000e+00 1.000000000000000000e+00
5.294016235157619418e-03 -9.999859786650552307e-01 -1.790523284219341178e-04 -1.560011000902676415e+01
9.999860107252296348e-01 5.294016023405650161e-03 1.065264145446962821e-06 3.787659108931139773e+00
-1.173433119468747561e-07 -1.790554673262956210e-04 9.999999679391270435e-01 -1.421328629275372624e+00
0.000000000000000000e+00 0.000000000000000000e+00 0.000000000000000000e+00 1.000000000000000000e+00
5.293777763892197272e-03 -9.999860118523618002e-01 3.433227154181019879e-05 -1.584164261303362764e+01
9.999860130295282756e-01 5.293777843270847626e-03 1.065264167564906098e-06 3.787655193672138321e+00
-1.246996717375237857e-06 3.432615223573882930e-05 9.999999988201604406e-01 -1.417919272686849919e+00
0.000000000000000000e+00 0.000000000000000000e+00 0.000000000000000000e+00 1.000000000000000000e+00
5.293539419262022552e-03 -9.999859898500202959e-01 2.917051225215136728e-04 -1.611384612257714366e+01
9.999860153325118572e-01 5.293539505148145419e-03 1.065264303590284757e-06 3.787651588291155225e+00
-2.609401803384507889e-06 2.916953939635702812e-04 9.999999745116359140e-01 -1.413676199445552673e+00
0.000000000000000000e+00 0.000000000000000000e+00 0.000000000000000000e+00 1.000000000000000000e+00
5.293539058000876554e-03 -9.999859855828188149e-01 1.724958380641357695e-04 -1.639163373846008653e+01
9.999860153341373348e-01 5.293539583005284557e-03 1.065264100366957537e-06 3.787651828022876810e+00
-1.978362779905966705e-06 1.724877855330777165e-04 9.999999702440502958e-01 -1.415589410394974212e+00
0.000000000000000000e+00 0.000000000000000000e+00 0.000000000000000000e+00 1.000000000000000000e+00
5.293777857520494227e-03 -9.999859977779199660e-01 -1.235008234829828601e-04 -1.664680036196679680e+01
9.999860130304182304e-01 5.293777675139253909e-03 1.065264206393053101e-06 3.787655892120120882e+00
-4.114633732458001863e-07 -1.235047339604872512e-04 9.999999847464118297e-01 -1.420572213171176212e+00
0.000000000000000000e+00 0.000000000000000000e+00 0.000000000000000000e+00 1.000000000000000000e+00
5.294015997244163121e-03 -9.999860071243875659e-01 -2.514123683472768451e-04 -1.687940849985480440e+01
9.999860107287597000e-01 5.294015741529357888e-03 1.065264257249369075e-06 3.787660089667486574e+00
2.657317869936631431e-07 -2.514144990877682805e-04 9.999999963953323245e-01 -1.422803011733853040e+00
0.000000000000000000e+00 0.000000000000000000e+00 0.000000000000000000e+00 1.000000000000000000e+00
5.293777852733595052e-03 -9.999860090837909832e-01 -6.282329653142482661e-05 -1.711722804781069840e+01
9.999860130300761707e-01 5.293777739775949211e-03 1.065264209652366849e-06 3.787656230936917279e+00
-7.326767297404136939e-07 -6.282805590970819403e-05 9.999999960520986608e-01 -1.419571176289875281e+00
0.000000000000000000e+00 0.000000000000000000e+00 0.000000000000000000e+00 1.000000000000000000e+00
5.293539289755481644e-03 -9.999859557895471873e-01 2.440213902893962879e-04 -1.738443520156377531e+01
9.999860153316963984e-01 5.293539659187043375e-03 1.065264106510994241e-06 3.787652092645490853e+00
-2.356986177613476093e-06 2.440123350523287033e-04 9.999999404524235747e-01 -1.414150406127095527e+00
0.000000000000000000e+00 0.000000000000000000e+00 0.000000000000000000e+00 1.000000000000000000e+00
5.293538936455144742e-03 -9.999859705145370814e-01 2.117156734351236262e-04 -1.766452842303436910e+01
9.999860153339161783e-01 5.293539624784212964e-03 1.065264215840582674e-06 3.787652222805123703e+00
-2.185974518114635331e-06 2.117070744099099804e-04 9.999999551753366855e-01 -1.414663928324538356e+00
0.000000000000000000e+00 0.000000000000000000e+00 0.000000000000000000e+00 1.000000000000000000e+00
5.293777858144803859e-03 -9.999860065556737121e-01 -8.046626579693343865e-05 -1.792499575610176521e+01
9.999860130301755357e-01 5.293777720981790273e-03 1.065264211678468176e-06 3.787656753301861912e+00
-6.392787782865265285e-07 -8.047077644253695396e-05 9.999999935240455606e-01 -1.419944133503371120e+00
0.000000000000000000e+00 0.000000000000000000e+00 0.000000000000000000e+00 1.000000000000000000e+00
5.294015705843532933e-03 -9.999859552960626008e-01 -2.354383177482715468e-04 -1.816223365838581572e+01
9.999860107275853061e-01 5.294015963351298912e-03 1.065264149483661597e-06 3.787661188355640807e+00
1.811649308763978909e-07 -2.354406651748870770e-04 9.999999445676603926e-01 -1.422830075754642820e+00
0.000000000000000000e+00 0.000000000000000000e+00 0.000000000000000000e+00 1.000000000000000000e+00
5.294016257598987626e-03 -9.999859898843158623e-01 -1.443624442441722487e-04 -1.839677124627220905e+01
9.999860107250341246e-01 5.294016060359024549e-03 1.065264169330859890e-06 3.787661473623130881e+00
-3.009921427195613561e-07 -1.443660666371616020e-04 9.999999791583491504e-01 -1.421179036717360900e+00
0.000000000000000000e+00 0.000000000000000000e+00 0.000000000000000000e+00 1.000000000000000000e+00
5.293777632790143579e-03 -9.999860016483695935e-01 1.066923013874587870e-04 -1.864896193075705355e+01
9.999860130291201576e-01 5.293777920352329448e-03 1.065264231744464821e-06 3.787656690246631985e+00
-1.630054648296471578e-06 1.066851740834602927e-04 9.999999886156173412e-01 -1.416449132803413224e+00
0.000000000000000000e+00 0.000000000000000000e+00 0.000000000000000000e+00 1.000000000000000000e+00
5.293538930525373311e-03 -9.999859697542055059e-01 2.135038151436094368e-04 -1.892125681520730041e+01
9.999860153339060753e-01 5.293539626689027812e-03 1.065264214610885017e-06 3.787652321490416085e+00
-2.195440102085958780e-06 2.134951885041610532e-04 9.999999544149845709e-01 -1.414363310114409522e+00
0.000000000000000000e+00 0.000000000000000000e+00 0.000000000000000000e+00 1.000000000000000000e+00
5.293777819430803104e-03 -9.999860128680869709e-01 -1.275539309140788312e-05 -1.918209250302385271e+01
9.999860130297937300e-01 5.293777793110748461e-03 1.065264171297617666e-06 3.787657281641537921e+00
-9.977250836624596296e-07 -1.276085393304128751e-05 9.999999998361650544e-01 -1.418723801442900223e+00
0.000000000000000000e+00 0.000000000000000000e+00 0.000000000000000000e+00 1.000000000000000000e+00
5.294016233452694155e-03 -9.999859779352263667e-01 -1.810788910426656126e-04 -1.942190574391480595e+01
9.999860107252410701e-01 5.294016021246853582e-03 1.065264187743480833e-06 3.787662281670030051e+00
-1.066146817131342301e-07 -1.810819967014526096e-04 9.999999672092996228e-01 -1.422052528777325131e+00
0.000000000000000000e+00 0.000000000000000000e+00 0.000000000000000000e+00 1.000000000000000000e+00
5.294016254142826054e-03 -9.999859878402173052e-01 -1.512765761758451735e-04 -1.965551673182847026e+01
9.999860107250730934e-01 5.294016052993750360e-03 1.065264119343396643e-06 3.787662707691360708e+00
-2.643885800599969164e-07 -1.512801082539904089e-04 9.999999771142608074e-01 -1.421499037456992465e+00
0.000000000000000000e+00 0.000000000000000000e+00 0.000000000000000000e+00 1.000000000000000000e+00
5.293777692602909431e-03 -9.999860070457516903e-01 7.736681925384358849e-05 -1.990260982057378669e+01
9.999860130292855809e-01 5.293777889113369245e-03 1.065264149296474727e-06 3.787658223994640139e+00
-1.474812055145567958e-06 7.736009978003365972e-05 9.999999940132402454e-01 -1.416909045490321706e+00
0.000000000000000000e+00 0.000000000000000000e+00 0.000000000000000000e+00 1.000000000000000000e+00
5.293539528704658929e-03 -9.999860050308958526e-01 2.644061982615561685e-04 -2.017634658471479270e+01
9.999860153326657342e-01 5.293539476067984396e-03 1.065264328425652030e-06 3.787653521868723061e+00
-2.464893989590036384e-06 2.643968515047338233e-04 9.999999896928778442e-01 -1.413051238240699892e+00
0.000000000000000000e+00 0.000000000000000000e+00 0.000000000000000000e+00 1.000000000000000000e+00
5.293777697729712926e-03 -9.999860074624635775e-01 7.462500843449405429e-05 -2.044571722613767406e+01
9.999860130293010130e-01 5.293777886192660431e-03 1.065264228668957858e-06 3.787658599841724261e+00
-1.460297503539347979e-06 7.461832451753901705e-05 9.999999944299733379e-01 -1.416924039018032211e+00
0.000000000000000000e+00 0.000000000000000000e+00 0.000000000000000000e+00 1.000000000000000000e+00
5.294016251743043425e-03 -9.999859865233818867e-01 -1.555680932718284646e-04 -2.069354545225178299e+01
9.999860107250971852e-01 5.294016048422212767e-03 1.065264119374208314e-06 3.787663714970965323e+00
-2.416692044764685701e-07 -1.555715677875786911e-04 9.999999757974312731e-01 -1.421746304174597242e+00
0.000000000000000000e+00 0.000000000000000000e+00 0.000000000000000000e+00 1.000000000000000000e+00
5.294016201959119913e-03 -9.999859657497017773e-01 -2.120732945684516491e-04 -2.092581266354488889e+01
9.999860107254159303e-01 5.294015988230088912e-03 1.065264119081165407e-06 3.787663922859192844e+00
5.747024926338455191e-08 -2.120759747946972913e-04 9.999999550237792523e-01 -1.422983928329494052e+00
0.000000000000000000e+00 0.000000000000000000e+00 0.000000000000000000e+00 1.000000000000000000e+00
5.293777798814346645e-03 -9.999860129797385477e-01 7.152556946879136579e-06 -2.116747609274798947e+01
9.999860130296814864e-01 5.293777814317677036e-03 1.065264237009251891e-06 3.787658915753799427e+00
-1.103113347606188129e-06 7.146817603350489027e-06 9.999999999477060530e-01 -1.418321049017028379e+00
0.000000000000000000e+00 0.000000000000000000e+00 0.000000000000000000e+00 1.000000000000000000e+00
5.293539491840745098e-03 -9.999859999622204842e-01 2.738237342742526987e-04 -2.143952501615859774e+01
9.999860153326126655e-01 5.293539486099969188e-03 1.065264187543650937e-06 3.787653902747075918e+00
-2.514746070294824085e-06 2.738142527545365298e-04 9.999999846240785750e-01 -1.412512239136805015e+00
0.000000000000000000e+00 0.000000000000000000e+00 0.000000000000000000e+00 1.000000000000000000e+00
5.293777494194051511e-03 -9.999859866703845190e-01 1.623630396320055805e-04 -2.171716994031169179e+01
9.999860130288061866e-01 5.293777979655505533e-03 1.065264027182072744e-06 3.787659245132880770e+00
-1.924762982381794121e-06 1.623551232979177604e-04 9.999999736371087966e-01 -1.414894171241414700e+00
0.000000000000000000e+00 0.000000000000000000e+00 0.000000000000000000e+00 1.000000000000000000e+00
5.294016263471130676e-03 -9.999859940878720321e-01 -1.289844447014988345e-04 -2.197222105250276059e+01
9.999860107249473051e-01 5.294016076740431197e-03 1.065264134291272090e-06 3.787664700115717320e+00
-3.824035152471410018e-07 -1.289882842748575251e-04 9.999999833618773426e-01 -1.421352301844114097e+00
0.000000000000000000e+00 0.000000000000000000e+00 0.000000000000000000e+00 1.000000000000000000e+00
5.294015993020206000e-03 -9.999860057988040341e-01 -2.540349685913188458e-04 -2.220471216089327982e+01
9.999860107287744659e-01 5.294015738735643843e-03 1.065264199215766644e-06 3.787664873570806279e+00
2.796158962380147234e-07 -2.540370665796783827e-04 9.999999950697449069e-01 -1.424201046846509833e+00
0.000000000000000000e+00 0.000000000000000000e+00 0.000000000000000000e+00 1.000000000000000000e+00
5.341699162730050021e-03 -9.999857222617364316e-01 -6.234645652703358623e-05 -2.244235413719005123e+01
9.999857261373442663e-01 5.341698718517856083e-03 3.728425038280824603e-06 3.788673757984563739e+00
-3.395335855475723416e-06 -6.236548439221857305e-05 9.999999960990180181e-01 -1.419905107843635550e+00
0.000000000000000000e+00 0.000000000000000000e+00 0.000000000000000000e+00 1.000000000000000000e+00
5.336215597637070096e-03 -9.999857786784754898e-01 2.461671841315029490e-04 -2.270981406130820801e+01
9.999857796718892855e-01 5.336215364532405185e-03 -7.334310634689743116e-08 3.788547169107369328e+00
-1.240259097608135110e-06 2.461640881472354383e-04 9.999999990063570543e-01 -1.412797464069024400e+00
0.000000000000000000e+00 0.000000000000000000e+00 0.000000000000000000e+00 1.000000000000000000e+00
5.332400132030428418e-03 -9.999857118351883623e-01 2.131461984944838927e-04 -2.299017789328678418e+01
9.999857572643513492e-01 5.332400601340710894e-03 5.326323346669483115e-07 3.788465484106617875e+00
-1.669205618270914266e-06 2.131403240396796466e-04 9.999999545684120639e-01 -1.413501022929732454e+00
0.000000000000000000e+00 0.000000000000000000e+00 0.000000000000000000e+00 1.000000000000000000e+00
5.332639527112153534e-03 -9.999858081635198959e-01 -7.987022290410419759e-05 -2.325090507006427742e+01
9.999858145424544986e-01 5.332639390960972926e-03 1.065264298954910717e-06 3.788472031780054206e+00
-6.393300892947321550e-07 -7.987477116430793597e-05 9.999999936196126704e-01 -1.420358593523988855e+00
0.000000000000000000e+00 0.000000000000000000e+00 0.000000000000000000e+00 1.000000000000000000e+00
5.332638964047156996e-03 -9.999857586075177052e-01 -2.365111980659404792e-04 -2.348833966022763775e+01
9.999858145454001424e-01 5.332639224110266064e-03 1.065264219722156047e-06 3.788472230088514969e+00
1.959797225979191638e-07 -2.365135283380477810e-04 9.999999440613140944e-01 -1.424109484806963533e+00
0.000000000000000000e+00 0.000000000000000000e+00 0.000000000000000000e+00 1.000000000000000000e+00
5.332639516312299467e-03 -9.999857923026068685e-01 -1.491308031433914228e-04 -2.372261281008348988e+01
9.999858145428479617e-01 5.332639317181199837e-03 1.065264261688102934e-06 3.788472198893916509e+00
-2.699883700510797006e-07 -1.491343685411034091e-04 9.999999777588681749e-01 -1.422062914352204555e+00
0.000000000000000000e+00 0.000000000000000000e+00 0.000000000000000000e+00 1.000000000000000000e+00
5.332400326913198062e-03 -9.999857471670265952e-01 1.004934267202196944e-04 -2.397402199439551396e+01
9.999857572635347802e-01 5.332400594859764906e-03 1.065264367193021031e-06 3.788466722727768854e+00
-1.601120421504859878e-06 1.004863110826980396e-04 9.999999898999366588e-01 -1.416031748650704802e+00
0.000000000000000000e+00 0.000000000000000000e+00 0.000000000000000000e+00 1.000000000000000000e+00
5.386521214828697383e-03 -9.999854766687599206e-01 2.194642769230584840e-04 -2.424622112818821051e+01
9.999855248107725192e-01 5.386522179359433046e-03 3.728424321397364948e-06 3.789710285106792753e+00
-4.910519715501308277e-06 2.194410169164880825e-04 9.999999518215277883e-01 -1.413090078586490161e+00
0.000000000000000000e+00 0.000000000000000000e+00 0.000000000000000000e+00 1.000000000000000000e+00
5.384851924824853378e-03 -9.999854816717709260e-01 -2.145766970316117034e-06 -2.450804643105192326e+01
9.999854816763753540e-01 5.384851924849646913e-03 2.530608737284580374e-16 3.789661886833186610e+00
1.155463703284518649e-08 -2.145735831593393709e-06 9.999999999953956831e-01 -1.418524103735569586e+00
0.000000000000000000e+00 0.000000000000000000e+00 0.000000000000000000e+00 1.000000000000000000e+00
5.381514148220895195e-03 -9.999854821472157207e-01 -1.800060176733334159e-04 -2.474865344411065848e+01
9.999855145496628905e-01 5.381514130840888907e-03 5.326321150342676921e-07 3.789584454575540384e+00
4.360805406286993770e-07 -1.800062802881558822e-04 9.999999675975480562e-01 -1.422988283482137462e+00
0.000000000000000000e+00 0.000000000000000000e+00 0.000000000000000000e+00 1.000000000000000000e+00
5.428005398377199787e-03 -9.999852617840214730e-01 -1.769065712305201914e-04 -2.498031172986344473e+01
9.999852930749933977e-01 5.428004903160309723e-03 3.195793299311177784e-06 3.790687679163168511e+00
-2.235496573568150932e-06 -1.769213106364192251e-04 9.999999686938519927e-01 -1.422961461697969332e+00
0.000000000000000000e+00 0.000000000000000000e+00 0.000000000000000000e+00 1.000000000000000000e+00
5.422998793026320881e-03 -9.999852813447994704e-01 4.315375878905370314e-05 -2.522284792436474277e+01
9.999852832070550424e-01 5.422998794742712667e-03 -9.712529298585584210e-08 3.790559492027850919e+00
-1.368989117382832692e-07 4.315365072449543830e-05 9.999999981377436509e-01 -1.417367427525237034e+00
0.000000000000000000e+00 0.000000000000000000e+00 0.000000000000000000e+00 1.000000000000000000e+00
5.473780558979072369e-03 -9.999849876986631747e-01 2.945661243885475426e-04 -2.549593329221943350e+01
9.999850148373053971e-01 5.473781778678007102e-03 3.728425631678235873e-06 3.791789798325985394e+00
-5.340760104390681964e-06 2.945413122301261915e-04 9.999999728215401840e-01 -1.410875601011155833e+00
0.000000000000000000e+00 0.000000000000000000e+00 0.000000000000000000e+00 1.000000000000000000e+00
5.471635098663206812e-03 -9.999850102089511417e-01 1.617669859385848256e-04 -2.577332891308083163e+01
9.999850363773817863e-01 5.471635188735899172e-03 -1.641644144883145799e-07 3.791727715623379957e+00
-7.209680137450805364e-07 1.617654647627516610e-04 9.999999738314144793e-01 -1.414246544144418749e+00
0.000000000000000000e+00 0.000000000000000000e+00 0.000000000000000000e+00 1.000000000000000000e+00
5.469251589790543287e-03 -9.999850428231500388e-01 -1.320838838249977149e-04 -2.602786809986179151e+01
9.999850602695267154e-01 5.469251544504223454e-03 5.326322338786204199e-07 3.791671309901660347e+00
1.897757047076483055e-07 -1.320848157679825477e-04 9.999999825535647036e-01 -1.421954788688099880e+00
0.000000000000000000e+00 0.000000000000000000e+00 0.000000000000000000e+00 1.000000000000000000e+00
5.469251389992331458e-03 -9.999850544922260775e-01 -2.557039259953121954e-04 -2.625985791131557789e+01
9.999850602729632998e-01 5.469251148113740517e-03 1.065264475147798546e-06 3.791672250847912817e+00
3.332605145275358975e-07 -2.557059167973483303e-04 9.999999942190191948e-01 -1.425275502699731689e+00
0.000000000000000000e+00 0.000000000000000000e+00 0.000000000000000000e+00 1.000000000000000000e+00
5.469013250970834392e-03 -9.999850594653645341e-01 -5.650520082178562832e-05 -2.649773855642357034e+01
9.999850626576780588e-01 5.469013148042165331e-03 1.065264190253911152e-06 3.791666153953915153e+00
-7.562206027791926405e-07 -5.651018133511782605e-05 9.999999968060275801e-01 -1.419990934123225967e+00
0.000000000000000000e+00 0.000000000000000000e+00 0.000000000000000000e+00 1.000000000000000000e+00
5.468298145895457082e-03 -9.999850634958548090e-01 2.567767670470334838e-04 -2.676611748780891276e+01
9.999850698212887634e-01 5.468298067477478375e-03 1.065264627047731683e-06 3.791646716840847198e+00
-2.469380436209133064e-06 2.567671353634501342e-04 9.999999936691978952e-01 -1.411515698158333443e+00
0.000000000000000000e+00 0.000000000000000000e+00 0.000000000000000000e+00 1.000000000000000000e+00
5.468297956455353721e-03 -9.999850216075162335e-01 2.195834952560592277e-04 -2.704753777144111382e+01
9.999850698204422184e-01 5.468298222274374162e-03 1.065264111627985497e-06 3.791647049102621736e+00
-2.265996282646474022e-06 2.195743826104924377e-04 9.999999517819534445e-01 -1.412461736345583807e+00
0.000000000000000000e+00 0.000000000000000000e+00 0.000000000000000000e+00 1.000000000000000000e+00
5.469013257787367840e-03 -9.999850567643724375e-01 -7.677077531083817961e-05 -2.730918054944463336e+01
9.999850626577960755e-01 5.469013126454290614e-03 1.065264241563033365e-06 3.791666541367505694e+00
-6.453879008395150432e-07 -7.677545393485762123e-05 9.999999941051131991e-01 -1.420597373635405614e+00
0.000000000000000000e+00 0.000000000000000000e+00 0.000000000000000000e+00 1.000000000000000000e+00
5.422998628740733143e-03 -9.999852260791418646e-01 -2.390146084276685838e-04 -2.754742132840743807e+01
9.999852832013148562e-01 5.422999124950486985e-03 -1.364112127322825052e-06 3.790457598923136384e+00
2.660268168298825504e-06 -2.390036822344499792e-04 9.999999428701554782e-01 -1.425130450985500286e+00
0.000000000000000000e+00 0.000000000000000000e+00 0.000000000000000000e+00 1.000000000000000000e+00
5.426097953693048530e-03 -9.999852831355412475e-01 -1.699924273914930949e-04 -2.778054408357390059e+01
9.999853120315066457e-01 5.426097851792903090e-03 2.130528742843239560e-06 3.790547847781508661e+00
-1.208101973114760453e-06 -1.700014910499592947e-04 9.999999710980347345e-01 -1.423258340095620245e+00
0.000000000000000000e+00 0.000000000000000000e+00 0.000000000000000000e+00 1.000000000000000000e+00
5.428243702139140363e-03 -9.999852836080882490e-01 8.428095719974677835e-05 -2.802944231298532429e+01
9.999852907072483976e-01 5.428244010024192018e-03 1.597896765880725376e-06 3.790603213368019198e+00
-2.055370787282112645e-06 8.427104635161791746e-05 9.999999928941667449e-01 -1.416086136785753791e+00
0.000000000000000000e+00 0.000000000000000000e+00 0.000000000000000000e+00 1.000000000000000000e+00
5.428244033135463595e-03 -9.999852843814039938e-01 2.567767948774896851e-04 -2.830395889732403703e+01
9.999852907068811358e-01 5.428243952076691053e-03 1.065264309386978448e-06 3.790602735121419986e+00
-2.459095704773786591e-06 2.567672347499514417e-04 9.999999936691907898e-01 -1.411120815056489342e+00
0.000000000000000000e+00 0.000000000000000000e+00 0.000000000000000000e+00 1.000000000000000000e+00
5.428243802798865709e-03 -9.999852878459624117e-01 5.352496621270607378e-05 -2.857209080188776795e+01
9.999852907090883702e-01 5.428243932378993587e-03 1.065264241718027265e-06 3.790603240886838865e+00
-1.355795217233196553e-06 5.351839738820780786e-05 9.999999971339430527e-01 -1.416927397877419947e+00
0.000000000000000000e+00 0.000000000000000000e+00 0.000000000000000000e+00 1.000000000000000000e+00
5.428959124803301069e-03 -9.999852568505064321e-01 -1.635551163391804109e-04 -2.881865384406827957e+01
9.999852836011480228e-01 5.428958921569550060e-03 1.065264283040597783e-06 3.790623479695753417e+00
-1.773146316375764246e-07 -1.635585026708331619e-04 9.999999732485866932e-01 -1.423243112908891828e+00
0.000000000000000000e+00 0.000000000000000000e+00 0.000000000000000000e+00 1.000000000000000000e+00
5.428959085980182737e-03 -9.999852415593871724e-01 -2.050399456820352437e-04 -2.905134685341568002e+01
9.999852836013880530e-01 5.428958877377892782e-03 1.065264264474695429e-06 3.790623726015569517e+00
4.790482177515251738e-08 -2.050427206820762242e-04 9.999999579574823105e-01 -1.424500428006654662e+00
0.000000000000000000e+00 0.000000000000000000e+00 0.000000000000000000e+00 1.000000000000000000e+00
5.428959081044321990e-03 -9.999852834325756445e-01 1.299381120938574421e-05 -2.929351163181924278e+01
9.999852836001270617e-01 5.428959109638067417e-03 1.065264520842258682e-06 3.790623556925285964e+00
-1.135791736370651326e-06 1.298783714959861465e-05 9.999999998300259652e-01 -1.418089912032628686e+00
0.000000000000000000e+00 0.000000000000000000e+00 0.000000000000000000e+00 1.000000000000000000e+00
5.428243962986152756e-03 -9.999852749443152167e-01 2.745389837927447035e-04 -2.956590615056980198e+01
9.999852907067784402e-01 5.428243970997866444e-03 1.065264424933247036e-06 3.790602441145240142e+00
-2.555513275037111809e-06 2.745291559786977044e-04 9.999999842318605392e-01 -1.410265660718794223e+00
0.000000000000000000e+00 0.000000000000000000e+00 0.000000000000000000e+00 1.000000000000000000e+00
5.428243573996471144e-03 -9.999852660257877446e-01 1.571178432283817526e-04 -2.984322324866165843e+01
9.999852907084894049e-01 5.428244042731148952e-03 1.065264184560461883e-06 3.790602109083378135e+00
-1.918122569843088237e-06 1.571097461430064600e-04 9.999999753128484548e-01 -1.413733006107801726e+00
0.000000000000000000e+00 0.000000000000000000e+00 0.000000000000000000e+00 1.000000000000000000e+00
5.428959141388281853e-03 -9.999852658701012809e-01 -1.331567743798297068e-04 -3.009779349099089529e+01
9.999852836009723855e-01 5.428958953951345222e-03 1.065264349907124586e-06 3.790623839958840779e+00
-3.423460522955819578e-07 -1.331605977558353413e-04 9.999999822681383543e-01 -1.422527385791412691e+00
0.000000000000000000e+00 0.000000000000000000e+00 0.000000000000000000e+00 1.000000000000000000e+00
5.429674090769199234e-03 -9.999852704698094508e-01 -2.561807644151487505e-04 -3.032978898228215314e+01
9.999852764946345340e-01 5.429673846612311817e-03 1.065264184195491268e-06 3.790645765771175402e+00
3.257295561749140207e-07 -2.561827891291952380e-04 9.999999939749257827e-01 -1.426331138994298975e+00
0.000000000000000000e+00 0.000000000000000000e+00 0.000000000000000000e+00 1.000000000000000000e+00
5.428959139139287460e-03 -9.999852802858171241e-01 -5.757808426034312485e-05 -3.056767063027614029e+01
9.999852836005351797e-01 5.428959034461444677e-03 1.065264400202657739e-06 3.790624265726632913e+00
-7.526596898384512342e-07 -5.758301895905969866e-05 9.999999966836294885e-01 -1.420254177728279998e+00
0.000000000000000000e+00 0.000000000000000000e+00 0.000000000000000000e+00 1.000000000000000000e+00
5.428244038178350710e-03 -9.999852850530720483e-01 2.554655376371206088e-04 -3.083594238451931346e+01
9.999852907068886854e-01 5.428243950679868292e-03 1.065264342113519169e-06 3.790602386648674216e+00
-2.451977795358831121e-06 2.554559810583505782e-04 9.999999943408763858e-01 -1.410511571629800454e+00
0.000000000000000000e+00 0.000000000000000000e+00 0.000000000000000000e+00 1.000000000000000000e+00
5.428243847837549430e-03 -9.999852428066692278e-01 2.188682377092640758e-04 -3.111723358356738345e+01
9.999852907060319263e-01 5.428244108499206619e-03 1.065263913117886927e-06 3.790602065808081012e+00
-2.253318714160801585e-06 2.188592286682519087e-04 9.999999520955590304e-01 -1.411590592393487498e+00
0.000000000000000000e+00 0.000000000000000000e+00 0.000000000000000000e+00 1.000000000000000000e+00
5.428959145694857782e-03 -9.999852776337837534e-01 -7.724761715708411880e-05 -3.137876998772043180e+01
9.999852836006488666e-01 5.428959013508499569e-03 1.065264364446494677e-06 3.790624694529266314e+00
-6.458745798555243860e-07 -7.725226563807769482e-05 9.999999940316706137e-01 -1.420924760854145763e+00
0.000000000000000000e+00 0.000000000000000000e+00 0.000000000000000000e+00 1.000000000000000000e+00
5.429673794996568888e-03 -9.999852193651239673e-01 -2.390145989978835874e-04 -3.161675872001615062e+01
9.999852764934670235e-01 5.429674061617929294e-03 1.065264126211794960e-06 3.790647421043323195e+00
2.325228539722108310e-07 -2.390168622471036761e-04 9.999999428708837845e-01 -1.426111813892978475e+00
0.000000000000000000e+00 0.000000000000000000e+00 0.000000000000000000e+00 1.000000000000000000e+00
5.382705882675336249e-03 -9.999854746407428330e-01 -1.678466555686398249e-04 -3.185018651107900212e+01
9.999855028085500308e-01 5.382706489273742304e-03 -1.355316083144989562e-06 3.789210409323336748e+00
2.258765855189476818e-06 -1.678369318327830922e-04 9.999999718256616932e-01 -1.423867878718917401e+00
0.000000000000000000e+00 0.000000000000000000e+00 0.000000000000000000e+00 1.000000000000000000e+00
5.437541755383984259e-03 -9.999851908849614057e-01 8.559226015878949325e-05 -3.209912060032876013e+01
9.999851981838741022e-01 5.437542150026780131e-03 4.793688992956325009e-06 3.790908473236947351e+00
-5.259029277940203363e-06 8.556492919130919176e-05 9.999999926509852699e-01 -1.415712687349758525e+00
0.000000000000000000e+00 0.000000000000000000e+00 0.000000000000000000e+00 1.000000000000000000e+00
5.436111143899121333e-03 -9.999852085517817457e-01 2.520084506104223110e-04 -3.237332917056755832e+01
9.999852124531651842e-01 5.436111237225884317e-03 5.326321970989805656e-07 3.790852658956638699e+00
-1.902570159208652237e-06 2.520018301140319991e-04 9.999999960961047929e-01 -1.410229912392505724e+00
0.000000000000000000e+00 0.000000000000000000e+00 0.000000000000000000e+00 1.000000000000000000e+00
5.432773542708331516e-03 -9.999852434737998008e-01 4.684924831508735570e-05 -3.264063220145068556e+01
9.999852456669421352e-01 5.432773654438467943e-03 1.065264028379425601e-06 3.790749471234277301e+00
-1.319769719900208833e-06 4.684276848466976278e-05 9.999999978040132742e-01 -1.416929913400678753e+00
0.000000000000000000e+00 0.000000000000000000e+00 0.000000000000000000e+00 1.000000000000000000e+00
5.432773633096489412e-03 -9.999852187613091914e-01 -1.640319688087193940e-04 -3.288657346720756891e+01
9.999852456681626034e-01 5.432773429797611679e-03 1.065264018793922196e-06 3.790749752244005233e+00
-1.740998194305753906e-07 -1.640353306127158176e-04 9.999999730923786467e-01 -1.423924362126614440e+00
0.000000000000000000e+00 0.000000000000000000e+00 0.000000000000000000e+00 1.000000000000000000e+00
5.387236559015299436e-03 -9.999854781031531914e-01 -1.991987045306143624e-04 -3.311962413577845155e+01
9.999855177782586146e-01 5.387236857347585395e-03 -1.381147038826692885e-06 3.789299986519669705e+00
2.454257619771691114e-06 -1.991883749780098696e-04 9.999999603179676733e-01 -1.425129709891375551e+00
0.000000000000000000e+00 0.000000000000000000e+00 0.000000000000000000e+00 1.000000000000000000e+00
5.391527869455499909e-03 -9.999854751624511762e-01 1.740455602817977886e-05 -3.336205228156929081e+01
9.999854754604262652e-01 5.391527945224943580e-03 2.130528269510628440e-06 3.789445781513497646e+00
-2.224334606077121495e-06 1.739281667265049427e-05 9.999999996925423851e-01 -1.417892261263962173e+00
0.000000000000000000e+00 0.000000000000000000e+00 0.000000000000000000e+00 1.000000000000000000e+00
5.394150320255536833e-03 -9.999854330327750951e-01 2.759694800182284401e-04 -3.363466584215926503e+01
9.999854495797457776e-01 5.394150626961780569e-03 1.597896373207621387e-06 3.789528222778650424e+00
-3.086494129816995248e-06 2.759568533225850088e-04 9.999999834429376122e-01 -1.409102053243211250e+00
0.000000000000000000e+00 0.000000000000000000e+00 0.000000000000000000e+00 1.000000000000000000e+00
5.394150090554125296e-03 -9.999854256075245695e-01 1.548528380054049779e-04 -3.391184796509638488e+01
9.999854495836647539e-01 5.394150549810064130e-03 1.065264103274078797e-06 3.789527898620419943e+00
-1.900548115420855731e-06 1.548448494934411771e-04 9.999999760194614451e-01 -1.413171515127205069e+00
0.000000000000000000e+00 0.000000000000000000e+00 0.000000000000000000e+00 1.000000000000000000e+00
5.346467394476939541e-03 -9.999857208576388157e-01 -1.353025538225088897e-04 -3.416640430839265719e+01
9.999857391603057533e-01 5.346467862603378196e-03 -1.368285782418943320e-06 3.787959935598813388e+00
2.091657018533151719e-06 -1.352932961392979598e-04 9.999999816913481832e-01 -1.423133717850790791e+00
0.000000000000000000e+00 0.000000000000000000e+00 0.000000000000000000e+00 1.000000000000000000e+00
5.348851796693332786e-03 -9.999857092781336831e-01 -2.572536474472682548e-04 -3.439820391800112986e+01
9.999857158533301815e-01 5.348850999796046779e-03 2.130528566370438259e-06 3.788047209711101537e+00
-7.544863818402442721e-07 -2.572613817232097385e-04 9.999999934206662555e-01 -1.427414564892874882e+00
0.000000000000000000e+00 0.000000000000000000e+00 0.000000000000000000e+00 1.000000000000000000e+00
5.351235893335276605e-03 -9.999856894558851739e-01 -5.543231412147425481e-05 -3.463605501575113976e+01
9.999856925269775543e-01 5.351235732616884018e-03 1.597896727404636394e-06 3.788125149903223576e+00
-1.301242437602485241e-06 -5.544007345844104216e-05 9.999999969247050924e-01 -1.420415406351518417e+00
