-9.999901056289672852e-01 4.451172892004251480e-03 0.000000000000000000e+00 1.439221954345703125e+02
-4.451172892004251480e-03 -9.999901056289672852e-01 0.000000000000000000e+00 -1.962324500083923340e+00
0.000000000000000000e+00 -0.000000000000000000e+00 1.000000000000000000e+00 2.446099996566772461e+00
0.000000000000000000e+00 0.000000000000000000e+00 0.000000000000000000e+00 1.000000000000000000e+00
-9.999901056289672852e-01 4.451172892004251480e-03 0.000000000000000000e+00 1.439221954345703125e+02
-4.451172892004251480e-03 -9.999901056289672852e-01 0.000000000000000000e+00 -1.962324500083923340e+00
0.000000000000000000e+00 -0.000000000000000000e+00 1.000000000000000000e+00 2.294199943542480469e+00
0.000000000000000000e+00 0.000000000000000000e+00 0.000000000000000000e+00 1.000000000000000000e+00
-9.999902248382568359e-01 4.421852063387632370e-03 -1.159317398560233414e-04 1.439220581054687500e+02
-4.421847406774759293e-03 -9.999902248382568359e-01 -4.053381053381599486e-05 -1.962410807609558105e+00
-1.161098407465033233e-04 -4.002078276243992150e-05 1.000000000000000000e+00 2.053705930709838867e+00
0.000000000000000000e+00 0.000000000000000000e+00 0.000000000000000000e+00 1.000000000000000000e+00
-9.999907016754150391e-01 4.294092766940593719e-03 -3.046620404347777367e-04 1.439219665527343750e+02
-4.294055979698896408e-03 -9.999907612800598145e-01 -1.202871790155768394e-04 -1.962605118751525879e+00
-3.051757521461695433e-04 -1.189778267871588469e-04 9.999999403953552246e-01 1.965148568153381348e+00
0.000000000000000000e+00 0.000000000000000000e+00 0.000000000000000000e+00 1.000000000000000000e+00
-9.999907016754150391e-01 4.302908666431903839e-03 -3.005638136528432369e-04 1.439219512939453125e+02
-4.302877467125654221e-03 -9.999907612800598145e-01 -1.028137266985140741e-04 -1.962570548057556152e+00
-3.010034270118921995e-04 -1.015194793581031263e-04 9.999999403953552246e-01 1.971098423004150391e+00
0.000000000000000000e+00 0.000000000000000000e+00 0.000000000000000000e+00 1.000000000000000000e+00
-9.999906420707702637e-01 4.322912078350782394e-03 -1.142845430877059698e-04 1.439154357910156250e+02
-4.322904627770185471e-03 -9.999906420707702637e-01 -6.399482663255184889e-05 -1.962523460388183594e+00
-1.145601199823431671e-04 -6.350019248202443123e-05 1.000000000000000000e+00 1.989516258239746094e+00
0.000000000000000000e+00 0.000000000000000000e+00 0.000000000000000000e+00 1.000000000000000000e+00
-9.999901056289672852e-01 4.314762540161609650e-03 1.112710568122565746e-03 1.437897796630859375e+02
-4.314796067774295807e-03 -9.999907016754150391e-01 -2.784548451018054038e-05 -1.963004827499389648e+00
1.112580066546797752e-03 -3.264632687205448747e-05 9.999994039535522461e-01 2.002673387527465820e+00
0.000000000000000000e+00 0.000000000000000000e+00 0.000000000000000000e+00 1.000000000000000000e+00
-9.999893903732299805e-01 4.327130038291215897e-03 1.583741046488285065e-03 1.435550384521484375e+02
-4.327190574258565903e-03 -9.999906420707702637e-01 -3.483664113446138799e-05 -1.964033603668212891e+00
1.583575387485325336e-03 -4.168942177784629166e-05 9.999987483024597168e-01 2.010327339172363281e+00
0.000000000000000000e+00 0.000000000000000000e+00 0.000000000000000000e+00 1.000000000000000000e+00
-9.999895691871643066e-01 4.328079521656036377e-03 1.458124141208827496e-03 1.432552337646484375e+02
-4.328145179897546768e-03 -9.999906420707702637e-01 -4.188773891655728221e-05 -1.965347051620483398e+00
1.457929145544767380e-03 -4.819827518076635897e-05 9.999989271163940430e-01 2.014397859573364258e+00
0.000000000000000000e+00 0.000000000000000000e+00 0.000000000000000000e+00 1.000000000000000000e+00
-9.999902844429016113e-01 4.326196853071451187e-03 8.727096137590706348e-04 1.429460296630859375e+02
-4.326241090893745422e-03 -9.999906420707702637e-01 -4.827194788958877325e-05 -1.966696619987487793e+00
8.724926155991852283e-04 -5.204703120398335159e-05 9.999996423721313477e-01 2.016530036926269531e+00
0.000000000000000000e+00 0.000000000000000000e+00 0.000000000000000000e+00 1.000000000000000000e+00
-9.999903440475463867e-01 4.378684796392917633e-03 2.895769721362739801e-04 1.426584320068359375e+02
-4.378693643957376480e-03 -9.999904036521911621e-01 -3.061467214138247073e-05 -1.967976331710815430e+00
2.894401259254664183e-04 -3.188234404660761356e-05 9.999999403953552246e-01 2.017615079879760742e+00
0.000000000000000000e+00 0.000000000000000000e+00 0.000000000000000000e+00 1.000000000000000000e+00
-9.999904036521911621e-01 4.378694109618663788e-03 -1.230156922247260809e-04 1.424012451171875000e+02
-4.378694109618663788e-03 -9.999904036521911621e-01 -2.163986664527328685e-06 -1.969048976898193359e+00
-1.230239868164062500e-04 -1.625317850084684324e-06 1.000000000000000000e+00 2.018156051635742188e+00
0.000000000000000000e+00 0.000000000000000000e+00 0.000000000000000000e+00 1.000000000000000000e+00
-9.999903440475463867e-01 4.376308992505073547e-03 -2.743119257502257824e-04 1.421694641113281250e+02
-4.376309458166360855e-03 -9.999904036521911621e-01 1.995338152482872829e-06 -1.970046043395996094e+00
-2.743005461525171995e-04 3.195792714905110188e-06 9.999999403953552246e-01 2.018397092819213867e+00
0.000000000000000000e+00 0.000000000000000000e+00 0.000000000000000000e+00 1.000000000000000000e+00
-9.999904036521911621e-01 4.376071505248546600e-03 -8.309972326969727874e-05 1.419337463378906250e+02
-4.376071505248546600e-03 -9.999904036521911621e-01 2.299532070537679829e-06 -1.971077799797058105e+00
-8.308886754093691707e-05 2.663160330484970473e-06 1.000000000000000000e+00 2.018423318862915039e+00
0.000000000000000000e+00 0.000000000000000000e+00 0.000000000000000000e+00 1.000000000000000000e+00
-9.999904036521911621e-01 4.375833552330732346e-03 2.332809963263571262e-04 1.416688079833984375e+02
-4.375833086669445038e-03 -9.999904036521911621e-01 3.151357304886914790e-06 -1.972238421440124512e+00
2.332925650989636779e-04 2.130528400812181644e-06 1.000000000000000000e+00 2.018358945846557617e+00
0.000000000000000000e+00 0.000000000000000000e+00 0.000000000000000000e+00 1.000000000000000000e+00
-9.999904036521911621e-01 4.375833552330732346e-03 2.174286782974377275e-04 1.413892974853515625e+02
-4.375833086669445038e-03 -9.999904036521911621e-01 2.549352757341694087e-06 -1.973462462425231934e+00
2.174377441406250000e-04 1.597896698513068259e-06 1.000000000000000000e+00 2.018383026123046875e+00
0.000000000000000000e+00 0.000000000000000000e+00 0.000000000000000000e+00 1.000000000000000000e+00
-9.999904036521911621e-01 4.376071505248546600e-03 -7.033978909021243453e-05 1.411282043457031250e+02
-4.376071505248546600e-03 -9.999904036521911621e-01 1.290096861339407042e-06 -1.974604725837707520e+00
-7.033347355900332332e-05 1.597896471139392816e-06 1.000000000000000000e+00 2.018487930297851562e+00
0.000000000000000000e+00 0.000000000000000000e+00 0.000000000000000000e+00 1.000000000000000000e+00
-9.999904036521911621e-01 4.376071039587259293e-03 -2.285266527906060219e-04 1.408903045654296875e+02
-4.376071505248546600e-03 -9.999904036521911621e-01 6.521577233797870576e-08 -1.975646615028381348e+00
-2.285241935169324279e-04 1.065264200406090822e-06 1.000000000000000000e+00 2.018544912338256836e+00
0.000000000000000000e+00 0.000000000000000000e+00 0.000000000000000000e+00 1.000000000000000000e+00
-9.999904036521911621e-01 4.376071505248546600e-03 -1.475843309890478849e-04 1.406561737060546875e+02
-4.376071505248546600e-03 -9.999904036521911621e-01 4.194286020720028318e-07 -1.976671099662780762e+00
-1.475810859119519591e-04 1.065264200406090822e-06 1.000000000000000000e+00 2.018519163131713867e+00
0.000000000000000000e+00 0.000000000000000000e+00 0.000000000000000000e+00 1.000000000000000000e+00
-9.999904036521911621e-01 4.376071505248546600e-03 9.869967470876872540e-05 1.404055023193359375e+02
-4.376071505248546600e-03 -9.999904036521911621e-01 1.497195171396015212e-06 -1.977768063545227051e+00
9.870528447208926082e-05 1.065264086719253100e-06 1.000000000000000000e+00 2.018437147140502930e+00
0.000000000000000000e+00 0.000000000000000000e+00 0.000000000000000000e+00 1.000000000000000000e+00
-9.999904036521911621e-01 4.375833552330732346e-03 2.210072270827367902e-04 1.401333770751953125e+02
-4.375833086669445038e-03 -9.999904036521911621e-01 2.032374368354794569e-06 -1.978958845138549805e+00
2.210140082752332091e-04 1.065264200406090822e-06 1.000000000000000000e+00 2.018396139144897461e+00
0.000000000000000000e+00 0.000000000000000000e+00 0.000000000000000000e+00 1.000000000000000000e+00
-9.999904036521911621e-01 4.376071505248546600e-03 1.187419570669590030e-06 1.398710784912109375e+02
-4.376071505248546600e-03 -9.999904036521911621e-01 1.070470602826389950e-06 -1.980106472969055176e+00
1.192092781820974778e-06 1.065264200406090822e-06 1.000000000000000000e+00 2.018470287322998047e+00
0.000000000000000000e+00 0.000000000000000000e+00 0.000000000000000000e+00 1.000000000000000000e+00
-9.999904036521911621e-01 4.376309923827648163e-03 -1.790552778402343392e-04 1.396301269531250000e+02
-4.376309923827648163e-03 -9.999904036521911621e-01 2.816654500747972634e-07 -1.981160521507263184e+00
-1.790523383533582091e-04 1.065264200406090822e-06 1.000000000000000000e+00 2.018530845642089844e+00
0.000000000000000000e+00 0.000000000000000000e+00 0.000000000000000000e+00 1.000000000000000000e+00
-9.999904036521911621e-01 4.376309923827648163e-03 -1.790552778402343392e-04 1.393985900878906250e+02
-4.376309923827648163e-03 -9.999904036521911621e-01 2.816654500747972634e-07 -1.982173442840576172e+00
-1.790523383533582091e-04 1.065264200406090822e-06 1.000000000000000000e+00 2.018531322479248047e+00
0.000000000000000000e+00 0.000000000000000000e+00 0.000000000000000000e+00 1.000000000000000000e+00
-9.999904036521911621e-01 4.376071505248546600e-03 3.432728044572286308e-05 1.391573638916015625e+02
-4.376071505248546600e-03 -9.999904036521911621e-01 1.215494421558105387e-06 -1.983229279518127441e+00
3.433227175264619291e-05 1.065264200406090822e-06 1.000000000000000000e+00 2.018459081649780273e+00
0.000000000000000000e+00 0.000000000000000000e+00 0.000000000000000000e+00 1.000000000000000000e+00
-9.999903440475463867e-01 4.375833552330732346e-03 2.916976518463343382e-04 1.388855285644531250e+02
-4.375832621008157730e-03 -9.999904036521911621e-01 2.341706931474618614e-06 -1.984418630599975586e+00
2.917051024269312620e-04 1.065264086719253100e-06 9.999999403953552246e-01 2.018372535705566406e+00
0.000000000000000000e+00 0.000000000000000000e+00 0.000000000000000000e+00 1.000000000000000000e+00
-9.999904036521911621e-01 4.375833086669445038e-03 1.724895264487713575e-04 1.386075744628906250e+02
-4.375833086669445038e-03 -9.999904036521911621e-01 1.820066927393781953e-06 -1.985634684562683105e+00
1.724958419799804688e-04 1.065264200406090822e-06 1.000000000000000000e+00 2.018412828445434570e+00
0.000000000000000000e+00 0.000000000000000000e+00 0.000000000000000000e+00 1.000000000000000000e+00
-9.999904036521911621e-01 4.376071505248546600e-03 -1.235043018823489547e-04 1.383519897460937500e+02
-4.376071505248546600e-03 -9.999904036521911621e-01 5.248055572337761987e-07 -1.986752986907958984e+00
-1.235008239746093750e-04 1.065264200406090822e-06 1.000000000000000000e+00 2.018512248992919922e+00
0.000000000000000000e+00 0.000000000000000000e+00 0.000000000000000000e+00 1.000000000000000000e+00
-9.999903440475463867e-01 4.376309458166360855e-03 -2.514146035537123680e-04 1.381192016601562500e+02
-4.376309458166360855e-03 -9.999904036521911621e-01 -3.500429102132329717e-08 -1.987771511077880859e+00
-2.514123625587671995e-04 1.065264200406090822e-06 9.999999403953552246e-01 2.018555164337158203e+00
0.000000000000000000e+00 0.000000000000000000e+00 0.000000000000000000e+00 1.000000000000000000e+00
-9.999904036521911621e-01 4.376071505248546600e-03 -6.282735557761043310e-05 1.378816528320312500e+02
-4.376071505248546600e-03 -9.999904036521911621e-01 7.903347523097181693e-07 -1.988810896873474121e+00
-6.282329559326171875e-05 1.065264200406090822e-06 1.000000000000000000e+00 2.018491744995117188e+00
0.000000000000000000e+00 0.000000000000000000e+00 0.000000000000000000e+00 1.000000000000000000e+00
-9.999904036521911621e-01 4.375833552330732346e-03 2.440144016873091459e-04 1.376148834228515625e+02
-4.375833086669445038e-03 -9.999904036521911621e-01 2.133050884367548861e-06 -1.989978313446044922e+00
2.440214011585339904e-04 1.065264200406090822e-06 1.000000000000000000e+00 2.018388509750366211e+00
0.000000000000000000e+00 0.000000000000000000e+00 0.000000000000000000e+00 1.000000000000000000e+00
-9.999904036521911621e-01 4.375833086669445038e-03 2.117089898092672229e-04 1.373347473144531250e+02
-4.375833086669445038e-03 -9.999904036521911621e-01 1.991686531255254522e-06 -1.991204023361206055e+00
2.117156836902722716e-04 1.065264200406090822e-06 1.000000000000000000e+00 2.018399715423583984e+00
0.000000000000000000e+00 0.000000000000000000e+00 0.000000000000000000e+00 1.000000000000000000e+00
-9.999904036521911621e-01 4.376071505248546600e-03 -8.047015580814331770e-05 1.370738677978515625e+02
-4.376071505248546600e-03 -9.999904036521911621e-01 7.131278607630520128e-07 -1.992345333099365234e+00
-8.046626317081972957e-05 1.065264200406090822e-06 1.000000000000000000e+00 2.018497705459594727e+00
0.000000000000000000e+00 0.000000000000000000e+00 0.000000000000000000e+00 1.000000000000000000e+00
-9.999904036521911621e-01 4.376309458166360855e-03 -2.354407333768904209e-04 1.368364105224609375e+02
-4.376309923827648163e-03 -9.999904036521911621e-01 3.490288236207561567e-08 -1.993384361267089844e+00
-2.354383323108777404e-04 1.065264200406090822e-06 1.000000000000000000e+00 2.018549919128417969e+00
0.000000000000000000e+00 0.000000000000000000e+00 0.000000000000000000e+00 1.000000000000000000e+00
-9.999904036521911621e-01 4.376309923827648163e-03 -1.443657238269224763e-04 1.366020050048828125e+02
-4.376309923827648163e-03 -9.999904036521911621e-01 4.334791583460173570e-07 -1.994409918785095215e+00
-1.443624496459960938e-04 1.065264200406090822e-06 1.000000000000000000e+00 2.018519163131713867e+00
0.000000000000000000e+00 0.000000000000000000e+00 0.000000000000000000e+00 1.000000000000000000e+00
-9.999904036521911621e-01 4.376071505248546600e-03 1.066866170731373131e-04 1.363501739501953125e+02
-4.376071505248546600e-03 -9.999904036521911621e-01 1.532147166471986566e-06 -1.995512366294860840e+00
1.066923068719916046e-04 1.065264200406090822e-06 1.000000000000000000e+00 2.018434762954711914e+00
0.000000000000000000e+00 0.000000000000000000e+00 0.000000000000000000e+00 1.000000000000000000e+00
-9.999904036521911621e-01 4.375833086669445038e-03 2.134971146006137133e-04 1.360780334472656250e+02
-4.375833086669445038e-03 -9.999904036521911621e-01 1.999511141548282467e-06 -1.996703147888183594e+00
2.135038230335339904e-04 1.065264200406090822e-06 1.000000000000000000e+00 2.018399000167846680e+00
0.000000000000000000e+00 0.000000000000000000e+00 0.000000000000000000e+00 1.000000000000000000e+00
-9.999904036521911621e-01 4.376071505248546600e-03 -1.275993236049544066e-05 1.358168792724609375e+02
-4.376071505248546600e-03 -9.999904036521911621e-01 1.009435436571948230e-06 -1.997845530509948730e+00
-1.275539307243889198e-05 1.065264200406090822e-06 1.000000000000000000e+00 2.018475055694580078e+00
0.000000000000000000e+00 0.000000000000000000e+00 0.000000000000000000e+00 1.000000000000000000e+00
-9.999904036521911621e-01 4.376309923827648163e-03 -1.810818212106823921e-04 1.355768280029296875e+02
-4.376309923827648163e-03 -9.999904036521911621e-01 2.727966261772962753e-07 -1.998895645141601562e+00
-1.810788962757214904e-04 1.065264200406090822e-06 1.000000000000000000e+00 2.018531560897827148e+00
0.000000000000000000e+00 0.000000000000000000e+00 0.000000000000000000e+00 1.000000000000000000e+00
-9.999904036521911621e-01 4.376309923827648163e-03 -1.512797898612916470e-04 1.353432617187500000e+02
-4.376309923827648163e-03 -9.999904036521911621e-01 4.032207243653829210e-07 -1.999917387962341309e+00
-1.512765884399414062e-04 1.065264200406090822e-06 1.000000000000000000e+00 2.018521547317504883e+00
0.000000000000000000e+00 0.000000000000000000e+00 0.000000000000000000e+00 1.000000000000000000e+00
-9.999904036521911621e-01 4.376071505248546600e-03 7.736141560599207878e-05 1.350964965820312500e+02
-4.376071505248546600e-03 -9.999904036521911621e-01 1.403816668243962340e-06 -2.000997066497802734e+00
7.736682164249941707e-05 1.065264200406090822e-06 1.000000000000000000e+00 2.018444776535034180e+00
0.000000000000000000e+00 0.000000000000000000e+00 0.000000000000000000e+00 1.000000000000000000e+00
-9.999903440475463867e-01 4.375833552330732346e-03 2.643989864736795425e-04 1.348230285644531250e+02
-4.375832621008157730e-03 -9.999904036521911621e-01 2.222251396233332343e-06 -2.002193689346313477e+00
2.644061751198023558e-04 1.065264200406090822e-06 9.999999403953552246e-01 2.018381834030151367e+00
0.000000000000000000e+00 0.000000000000000000e+00 0.000000000000000000e+00 1.000000000000000000e+00
-9.999904036521911621e-01 4.376071505248546600e-03 7.461963105015456676e-05 1.345533905029296875e+02
-4.376071505248546600e-03 -9.999904036521911621e-01 1.391818386764498428e-06 -2.003373384475708008e+00
7.462500798283144832e-05 1.065264200406090822e-06 1.000000000000000000e+00 2.018445730209350586e+00
0.000000000000000000e+00 0.000000000000000000e+00 0.000000000000000000e+00 1.000000000000000000e+00
-9.999904036521911621e-01 4.376309923827648163e-03 -1.555712660774588585e-04 1.343052368164062500e+02
-4.376309923827648163e-03 -9.999904036521911621e-01 3.844397156171908136e-07 -2.004459142684936523e+00
-1.555681083118543029e-04 1.065264200406090822e-06 1.000000000000000000e+00 2.018522977828979492e+00
0.000000000000000000e+00 0.000000000000000000e+00 0.000000000000000000e+00 1.000000000000000000e+00
-9.999904036521911621e-01 4.376309923827648163e-03 -2.120759309036657214e-04 1.340728912353515625e+02
-4.376309923827648163e-03 -9.999904036521911621e-01 1.371554390061646700e-07 -2.005475759506225586e+00
-2.120733115589246154e-04 1.065264200406090822e-06 1.000000000000000000e+00 2.018542051315307617e+00
0.000000000000000000e+00 0.000000000000000000e+00 0.000000000000000000e+00 1.000000000000000000e+00
-9.999904036521911621e-01 4.376071505248546600e-03 7.147826636355603114e-06 1.338315429687500000e+02
-4.376071505248546600e-03 -9.999904036521911621e-01 1.096554115065373480e-06 -2.006531953811645508e+00
7.152556918299524114e-06 1.065264200406090822e-06 1.000000000000000000e+00 2.018468379974365234e+00
0.000000000000000000e+00 0.000000000000000000e+00 0.000000000000000000e+00 1.000000000000000000e+00
-9.999903440475463867e-01 4.375833552330732346e-03 2.738164330366998911e-04 1.335598754882812500e+02
-4.375832621008157730e-03 -9.999904036521911621e-01 2.263460828544339165e-06 -2.007720708847045898e+00
2.738237089943140745e-04 1.065264200406090822e-06 9.999999403953552246e-01 2.018378734588623047e+00
0.000000000000000000e+00 0.000000000000000000e+00 0.000000000000000000e+00 1.000000000000000000e+00
-9.999904036521911621e-01 4.376071505248546600e-03 1.623568241484463215e-04 1.332820739746093750e+02
-4.376071505248546600e-03 -9.999904036521911621e-01 1.775766122591448948e-06 -2.008936166763305664e+00
1.623630378162488341e-04 1.065264086719253100e-06 1.000000000000000000e+00 2.018416166305541992e+00
0.000000000000000000e+00 0.000000000000000000e+00 0.000000000000000000e+00 1.000000000000000000e+00
-9.999904036521911621e-01 4.376309923827648163e-03 -1.289878709940239787e-04 1.330266113281250000e+02
-4.376309923827648163e-03 -9.999904036521911621e-01 5.007780146115692332e-07 -2.010053873062133789e+00
-1.289844512939453125e-04 1.065264200406090822e-06 1.000000000000000000e+00 2.018514156341552734e+00
0.000000000000000000e+00 0.000000000000000000e+00 0.000000000000000000e+00 1.000000000000000000e+00
-9.999903440475463867e-01 4.376309458166360855e-03 -2.540371788199990988e-04 1.327939453125000000e+02
-4.376309458166360855e-03 -9.999904036521911621e-01 -4.648165941034676507e-08 -2.011071920394897461e+00
-2.540349669288843870e-04 1.065264200406090822e-06 9.999999403953552246e-01 2.018556118011474609e+00
0.000000000000000000e+00 0.000000000000000000e+00 0.000000000000000000e+00 1.000000000000000000e+00
-9.999902248382568359e-01 4.423993173986673355e-03 -6.236234185053035617e-05 1.325563964843750000e+02
-4.423993173986673355e-03 -9.999902248382568359e-01 3.452568307693582028e-06 -2.012168884277343750e+00
-6.234645843505859375e-05 3.728425099325249903e-06 1.000000000000000000e+00 2.018491744995117188e+00
0.000000000000000000e+00 0.000000000000000000e+00 0.000000000000000000e+00 1.000000000000000000e+00
-9.999901652336120605e-01 4.418509546667337418e-03 2.461650874465703964e-04 1.322893981933593750e+02
-4.418509081006050110e-03 -9.999902248382568359e-01 1.014349550132465083e-06 -2.013357639312744141e+00
2.461671829223632812e-04 -7.334318041785081732e-08 9.999999403953552246e-01 2.018388032913208008e+00
0.000000000000000000e+00 0.000000000000000000e+00 0.000000000000000000e+00 1.000000000000000000e+00
-9.999902844429016113e-01 4.414694849401712418e-03 2.131417859345674515e-04 1.320090026855468750e+02
-4.414694849401712418e-03 -9.999902844429016113e-01 1.473602651458350010e-06 -2.014589548110961914e+00
2.131462097167968750e-04 5.326323275767208543e-07 1.000000000000000000e+00 2.018399238586425781e+00
0.000000000000000000e+00 0.000000000000000000e+00 0.000000000000000000e+00 1.000000000000000000e+00
-9.999902248382568359e-01 4.414933267980813980e-03 -7.987414574017748237e-05 1.317478637695312500e+02
-4.414933267980813980e-03 -9.999902248382568359e-01 7.126321861505857669e-07 -2.015740871429443359e+00
-7.987022399902343750e-05 1.065264314092928544e-06 1.000000000000000000e+00 2.018497467041015625e+00
0.000000000000000000e+00 0.000000000000000000e+00 0.000000000000000000e+00 1.000000000000000000e+00
-9.999902248382568359e-01 4.414932802319526672e-03 -2.365136024309322238e-04 1.315102081298828125e+02
-4.414933267980813980e-03 -9.999902248382568359e-01 2.107265117956558242e-08 -2.016789913177490234e+00
-2.365112159168347716e-04 1.065264314092928544e-06 1.000000000000000000e+00 2.018550157546997070e+00
0.000000000000000000e+00 0.000000000000000000e+00 0.000000000000000000e+00 1.000000000000000000e+00
-9.999902248382568359e-01 4.414933267980813980e-03 -1.491340517532080412e-04 1.312760620117187500e+02
-4.414933267980813980e-03 -9.999902248382568359e-01 4.068513135280227289e-07 -2.017823696136474609e+00
-1.491308066761121154e-04 1.065264314092928544e-06 1.000000000000000000e+00 2.018521070480346680e+00
0.000000000000000000e+00 0.000000000000000000e+00 0.000000000000000000e+00 1.000000000000000000e+00
-9.999902844429016113e-01 4.414694849401712418e-03 1.004877485684119165e-04 1.310250091552734375e+02
-4.414694849401712418e-03 -9.999902844429016113e-01 1.508901846136723179e-06 -2.018931627273559570e+00
1.004934238153509796e-04 1.065264427779766265e-06 1.000000000000000000e+00 2.018436908721923828e+00
0.000000000000000000e+00 0.000000000000000000e+00 0.000000000000000000e+00 1.000000000000000000e+00
-9.999899864196777344e-01 4.468816332519054413e-03 2.194454282289370894e-04 1.307527770996093750e+02
-4.468815401196479797e-03 -9.999899864196777344e-01 4.709132554125972092e-06 -2.020198583602905273e+00
2.194642875110730529e-04 3.728424644577899016e-06 1.000000000000000000e+00 2.018397092819213867e+00
0.000000000000000000e+00 0.000000000000000000e+00 0.000000000000000000e+00 1.000000000000000000e+00
-9.999900460243225098e-01 4.467146471142768860e-03 -2.145745611414895393e-06 1.304906463623046875e+02
-4.467146471142768860e-03 -9.999900460243225098e-01 -9.585455096328132640e-09 -2.021382570266723633e+00
-2.145766984540387057e-06 4.440891833802830145e-16 1.000000000000000000e+00 2.018471479415893555e+00
0.000000000000000000e+00 0.000000000000000000e+00 0.000000000000000000e+00 1.000000000000000000e+00
-9.999900460243225098e-01 4.463808611035346985e-03 -1.800066092982888222e-04 1.302498016357421875e+02
-4.463808611035346985e-03 -9.999900460243225098e-01 -2.708856072786147706e-07 -2.022452592849731445e+00
-1.800060272216796875e-04 5.326321570464642718e-07 1.000000000000000000e+00 2.018531322479248047e+00
0.000000000000000000e+00 0.000000000000000000e+00 0.000000000000000000e+00 1.000000000000000000e+00
-9.999898076057434082e-01 4.510299302637577057e-03 -1.769191876519471407e-04 1.300179748535156250e+02
-4.510299768298864365e-03 -9.999898076057434082e-01 2.397859134362079203e-06 -2.023541927337646484e+00
-1.769065711414441466e-04 3.195793397026136518e-06 1.000000000000000000e+00 2.018530130386352539e+00
0.000000000000000000e+00 0.000000000000000000e+00 0.000000000000000000e+00 1.000000000000000000e+00
-9.999898672103881836e-01 4.505293443799018860e-03 4.315375917940400541e-05 1.297757720947265625e+02
-4.505293443799018860e-03 -9.999898672103881836e-01 9.729603789310203865e-08 -2.024640798568725586e+00
4.315375917940400541e-05 -9.712530157912624418e-08 1.000000000000000000e+00 2.018456220626831055e+00
0.000000000000000000e+00 0.000000000000000000e+00 0.000000000000000000e+00 1.000000000000000000e+00
-9.999895691871643066e-01 4.556076601147651672e-03 2.945460728369653225e-04 1.295028533935546875e+02
-4.556075204163789749e-03 -9.999896287918090820e-01 5.070452516520163044e-06 -2.025929450988769531e+00
2.945661253761500120e-04 3.728425326698925346e-06 9.999999403953552246e-01 2.018371582031250000e+00
0.000000000000000000e+00 0.000000000000000000e+00 0.000000000000000000e+00 1.000000000000000000e+00
-9.999896287918090820e-01 4.553929902613162994e-03 1.617660600459203124e-04 1.292252807617187500e+02
-4.553929902613162994e-03 -9.999896287918090820e-01 5.725128175981808454e-07 -2.027206420898437500e+00
1.617669913684949279e-04 -1.641643905259115854e-07 1.000000000000000000e+00 2.018416404724121094e+00
0.000000000000000000e+00 0.000000000000000000e+00 0.000000000000000000e+00 1.000000000000000000e+00
-9.999896287918090820e-01 4.551546182483434677e-03 -1.320849405601620674e-04 1.289703369140625000e+02
-4.551546182483434677e-03 -9.999896287918090820e-01 -6.855918854853371158e-08 -2.028360843658447266e+00
-1.320838782703503966e-04 5.326322138898831327e-07 1.000000000000000000e+00 2.018514871597290039e+00
0.000000000000000000e+00 0.000000000000000000e+00 0.000000000000000000e+00 1.000000000000000000e+00
-9.999895691871643066e-01 4.551545716822147369e-03 -2.557061088737100363e-04 1.287381744384765625e+02
-4.551545716822147369e-03 -9.999896287918090820e-01 -9.859468264039605856e-08 -2.029415845870971680e+00
-2.557038969825953245e-04 1.065264314092928544e-06 9.999999403953552246e-01 2.018556594848632812e+00
0.000000000000000000e+00 0.000000000000000000e+00 0.000000000000000000e+00 1.000000000000000000e+00
-9.999896287918090820e-01 4.551307763904333115e-03 -5.650946332025341690e-05 1.285005798339843750e+02
-4.551307763904333115e-03 -9.999896287918090820e-01 8.080805855570361018e-07 -2.030497074127197266e+00
-5.650519960909150541e-05 1.065264200406090822e-06 1.000000000000000000e+00 2.018489599227905273e+00
0.000000000000000000e+00 0.000000000000000000e+00 0.000000000000000000e+00 1.000000000000000000e+00
-9.999895691871643066e-01 4.550592973828315735e-03 2.567692426964640617e-04 1.282326507568359375e+02
-4.550592042505741119e-03 -9.999896287918090820e-01 2.233739905932452530e-06 -2.031716823577880859e+00
2.567767805885523558e-04 1.065264200406090822e-06 9.999999403953552246e-01 2.018384456634521484e+00
0.000000000000000000e+00 0.000000000000000000e+00 0.000000000000000000e+00 1.000000000000000000e+00
-9.999896287918090820e-01 4.550592973828315735e-03 2.195763809140771627e-04 1.279511795043945312e+02
-4.550592508167028427e-03 -9.999896287918090820e-01 2.064488171527045779e-06 -2.032997369766235352e+00
2.195834968006238341e-04 1.065264200406090822e-06 1.000000000000000000e+00 2.018396854400634766e+00
0.000000000000000000e+00 0.000000000000000000e+00 0.000000000000000000e+00 1.000000000000000000e+00
-9.999896287918090820e-01 4.551307763904333115e-03 -7.677482790313661098e-05 1.276891174316406250e+02
-4.551307763904333115e-03 -9.999896287918090820e-01 7.158457719924626872e-07 -2.034189939498901367e+00
-7.677077519474551082e-05 1.065264200406090822e-06 1.000000000000000000e+00 2.018496751785278320e+00
0.000000000000000000e+00 0.000000000000000000e+00 0.000000000000000000e+00 1.000000000000000000e+00
-9.999898672103881836e-01 4.505293909460306168e-03 -2.390060544712468982e-04 1.274508209228515625e+02
-4.505293443799018860e-03 -9.999898672103881836e-01 -2.440929392832913436e-06 -2.035219192504882812e+00
-2.390146109974011779e-04 -1.364112335977551993e-06 1.000000000000000000e+00 2.018551349639892578e+00
0.000000000000000000e+00 0.000000000000000000e+00 0.000000000000000000e+00 1.000000000000000000e+00
-9.999898076057434082e-01 4.508391954004764557e-03 -1.700003049336373806e-04 1.272177886962890625e+02
-4.508392419666051865e-03 -9.999898076057434082e-01 1.364114496027468704e-06 -2.036260128021240234e+00
-1.699924323474988341e-04 2.130528855559532531e-06 1.000000000000000000e+00 2.018527746200561523e+00
0.000000000000000000e+00 0.000000000000000000e+00 0.000000000000000000e+00 1.000000000000000000e+00
-9.999898076057434082e-01 4.510538186877965927e-03 8.427289139945060015e-05 1.269692459106445312e+02
-4.510538186877965927e-03 -9.999898076057434082e-01 1.978032969418563880e-06 -2.037386178970336914e+00
8.428096043644472957e-05 1.597896698513068259e-06 1.000000000000000000e+00 2.018442392349243164e+00
0.000000000000000000e+00 0.000000000000000000e+00 0.000000000000000000e+00 1.000000000000000000e+00
-9.999897480010986328e-01 4.510538652539253235e-03 2.567693591117858887e-04 1.266949768066406250e+02
-4.510537721216678619e-03 -9.999898076057434082e-01 2.223454885097453371e-06 -2.038624525070190430e+00
2.567767805885523558e-04 1.065264200406090822e-06 9.999999403953552246e-01 2.018384456634521484e+00
0.000000000000000000e+00 0.000000000000000000e+00 0.000000000000000000e+00 1.000000000000000000e+00
-9.999898076057434082e-01 4.510538186877965927e-03 5.351961590349674225e-05 1.264265594482421875e+02
-4.510538186877965927e-03 -9.999898076057434082e-01 1.306679791923670564e-06 -2.039834737777709961e+00
5.352496737032197416e-05 1.065264314092928544e-06 1.000000000000000000e+00 2.018452644348144531e+00
0.000000000000000000e+00 0.000000000000000000e+00 0.000000000000000000e+00 1.000000000000000000e+00
-9.999898076057434082e-01 4.511253442615270615e-03 -1.635582593735307455e-04 1.261796875000000000e+02
-4.511253442615270615e-03 -9.999898076057434082e-01 3.274148525633790996e-07 -2.040948629379272461e+00
-1.635551307117566466e-04 1.065264427779766265e-06 1.000000000000000000e+00 2.018525600433349609e+00
0.000000000000000000e+00 0.000000000000000000e+00 0.000000000000000000e+00 1.000000000000000000e+00
-9.999898076057434082e-01 4.511253442615270615e-03 -2.050426701316609979e-04 1.259469375610351562e+02
-4.511253442615270615e-03 -9.999898076057434082e-01 1.402662519467412494e-07 -2.041998386383056641e+00
-2.050399634754285216e-04 1.065264427779766265e-06 1.000000000000000000e+00 2.018539667129516602e+00
0.000000000000000000e+00 0.000000000000000000e+00 0.000000000000000000e+00 1.000000000000000000e+00
-9.999898076057434082e-01 4.511253442615270615e-03 1.298887309530982748e-05 1.257050857543945312e+02
-4.511253442615270615e-03 -9.999898076057434082e-01 1.123872038988338318e-06 -2.043089628219604492e+00
1.299381165154045448e-05 1.065264541466603987e-06 1.000000000000000000e+00 2.018466472625732422e+00
0.000000000000000000e+00 0.000000000000000000e+00 0.000000000000000000e+00 1.000000000000000000e+00
-9.999897480010986328e-01 4.510538652539253235e-03 2.745313686318695545e-04 1.254330673217773438e+02
-4.510537721216678619e-03 -9.999898076057434082e-01 2.303572046002955176e-06 -2.044316768646240234e+00
2.745389647316187620e-04 1.065264314092928544e-06 9.999999403953552246e-01 2.018378496170043945e+00
0.000000000000000000e+00 0.000000000000000000e+00 0.000000000000000000e+00 1.000000000000000000e+00
-9.999898076057434082e-01 4.510538186877965927e-03 1.571114407852292061e-04 1.251555862426757812e+02
-4.510538186877965927e-03 -9.999898076057434082e-01 1.773939402482938021e-06 -2.045568704605102539e+00
1.571178436279296875e-04 1.065264314092928544e-06 1.000000000000000000e+00 2.018417835235595703e+00
0.000000000000000000e+00 0.000000000000000000e+00 0.000000000000000000e+00 1.000000000000000000e+00
-9.999898076057434082e-01 4.511253442615270615e-03 -1.331602252321317792e-04 1.249006042480468750e+02
-4.511253442615270615e-03 -9.999898076057434082e-01 4.645495437216595747e-07 -2.046718597412109375e+00
-1.331567764282226562e-04 1.065264427779766265e-06 1.000000000000000000e+00 2.018515586853027344e+00
0.000000000000000000e+00 0.000000000000000000e+00 0.000000000000000000e+00 1.000000000000000000e+00
-9.999897480010986328e-01 4.511968232691287994e-03 -2.561829460319131613e-04 1.246684341430664062e+02
-4.511968232691287994e-03 -9.999898076057434082e-01 -9.062614481081254780e-08 -2.047765731811523438e+00
-2.561807632446289062e-04 1.065264200406090822e-06 9.999999403953552246e-01 2.018557071685791016e+00
0.000000000000000000e+00 0.000000000000000000e+00 0.000000000000000000e+00 1.000000000000000000e+00
-9.999898076057434082e-01 4.511253442615270615e-03 -5.758230327046476305e-05 1.244308395385742188e+02
-4.511253442615270615e-03 -9.999898076057434082e-01 8.055042144405888394e-07 -2.048837423324584961e+00
-5.757808321504853666e-05 1.065264427779766265e-06 1.000000000000000000e+00 2.018490076065063477e+00
0.000000000000000000e+00 0.000000000000000000e+00 0.000000000000000000e+00 1.000000000000000000e+00
-9.999897480010986328e-01 4.510538652539253235e-03 2.554581151343882084e-04 1.241630172729492188e+02
-4.510537721216678619e-03 -9.999898076057434082e-01 2.217540441051824018e-06 -2.050045490264892578e+00
2.554655075073242188e-04 1.065264200406090822e-06 9.999999403953552246e-01 2.018384933471679688e+00
0.000000000000000000e+00 0.000000000000000000e+00 0.000000000000000000e+00 1.000000000000000000e+00
-9.999898076057434082e-01 4.510538652539253235e-03 2.188612124882638454e-04 1.238816757202148438e+02
-4.510538186877965927e-03 -9.999898076057434082e-01 2.052466697932686657e-06 -2.051314830780029297e+00
2.188682410633191466e-04 1.065264200406090822e-06 1.000000000000000000e+00 2.018397092819213867e+00
0.000000000000000000e+00 0.000000000000000000e+00 0.000000000000000000e+00 1.000000000000000000e+00
-9.999898076057434082e-01 4.511253442615270615e-03 -7.725163595750927925e-05 1.236197204589843750e+02
-4.511253442615270615e-03 -9.999898076057434082e-01 7.167699322963017039e-07 -2.052496194839477539e+00
-7.724761962890625000e-05 1.065264427779766265e-06 1.000000000000000000e+00 2.018496751785278320e+00
0.000000000000000000e+00 0.000000000000000000e+00 0.000000000000000000e+00 1.000000000000000000e+00
-9.999898076057434082e-01 4.511968232691287994e-03 -2.390169829595834017e-04 1.233815002441406250e+02
-4.511968698352575302e-03 -9.999898076057434082e-01 -1.317312126047909260e-08 -2.053570747375488281e+00
-2.390146109974011779e-04 1.065264200406090822e-06 1.000000000000000000e+00 2.018550872802734375e+00
0.000000000000000000e+00 0.000000000000000000e+00 0.000000000000000000e+00 1.000000000000000000e+00
-9.999900460243225098e-01 4.465000703930854797e-03 -1.678389380685985088e-04 1.231483535766601562e+02
-4.465000703930854797e-03 -9.999900460243225098e-01 -2.104738086927682161e-06 -2.054567098617553711e+00
-1.678466651355847716e-04 -1.355316271656192839e-06 1.000000000000000000e+00 2.018527030944824219e+00
0.000000000000000000e+00 0.000000000000000000e+00 0.000000000000000000e+00 1.000000000000000000e+00
-9.999898076057434082e-01 4.519836977124214172e-03 8.556972170481458306e-05 1.228995742797851562e+02
-4.519836511462926865e-03 -9.999898076057434082e-01 5.180503194424090907e-06 -2.055731296539306641e+00
8.559226262150332332e-05 4.793688731297152117e-06 1.000000000000000000e+00 2.018441915512084961e+00
0.000000000000000000e+00 0.000000000000000000e+00 0.000000000000000000e+00 1.000000000000000000e+00
-9.999897480010986328e-01 4.518405999988317490e-03 2.520034613553434610e-04 1.226256103515625000e+02
-4.518405534327030182e-03 -9.999898076057434082e-01 1.671303152761538513e-06 -2.056985139846801758e+00
2.520084381103515625e-04 5.326320433596265502e-07 9.999999403953552246e-01 2.018386125564575195e+00
0.000000000000000000e+00 0.000000000000000000e+00 0.000000000000000000e+00 1.000000000000000000e+00
-9.999898076057434082e-01 4.515068139880895615e-03 4.684396117227151990e-05 1.223580322265625000e+02
-4.515068139880895615e-03 -9.999898076057434082e-01 1.276780722037074156e-06 -2.058187723159790039e+00
4.684924715547822416e-05 1.065264086719253100e-06 1.000000000000000000e+00 2.018455028533935547e+00
0.000000000000000000e+00 0.000000000000000000e+00 0.000000000000000000e+00 1.000000000000000000e+00
-9.999898076057434082e-01 4.515068139880895615e-03 -1.640351110836490989e-04 1.221117935180664062e+02
-4.515068139880895615e-03 -9.999898076057434082e-01 3.246376536480966024e-07 -2.059299230575561523e+00
-1.640319678699597716e-04 1.065264086719253100e-06 1.000000000000000000e+00 2.018525838851928711e+00
0.000000000000000000e+00 0.000000000000000000e+00 0.000000000000000000e+00 1.000000000000000000e+00
-9.999899864196777344e-01 4.469531122595071793e-03 -1.991905446629971266e-04 1.218788681030273438e+02
-4.469530656933784485e-03 -9.999899864196777344e-01 -2.271458015457028523e-06 -2.060296058654785156e+00
-1.991987082874402404e-04 -1.381147058054921217e-06 1.000000000000000000e+00 2.018537521362304688e+00
0.000000000000000000e+00 0.000000000000000000e+00 0.000000000000000000e+00 1.000000000000000000e+00
-9.999899864196777344e-01 4.473822191357612610e-03 1.739485014695674181e-05 1.216367340087890625e+02
-4.473822191357612610e-03 -9.999899864196777344e-01 2.208371824963251129e-06 -2.061370611190795898e+00
1.740455627441406250e-05 2.130528400812181644e-06 1.000000000000000000e+00 2.018464803695678711e+00
0.000000000000000000e+00 0.000000000000000000e+00 0.000000000000000000e+00 1.000000000000000000e+00
-9.999899268150329590e-01 4.476445261389017105e-03 2.759595518000423908e-04 1.213644790649414062e+02
-4.476444330066442490e-03 -9.999899864196777344e-01 2.833242433553095907e-06 -2.062595129013061523e+00
2.759694762062281370e-04 1.597896357452555094e-06 9.999999403953552246e-01 2.018378019332885742e+00
0.000000000000000000e+00 0.000000000000000000e+00 0.000000000000000000e+00 1.000000000000000000e+00
-9.999899864196777344e-01 4.476444795727729797e-03 1.548465224914252758e-04 1.210871276855468750e+02
-4.476444795727729797e-03 -9.999899864196777344e-01 1.758443659127806313e-06 -2.063837766647338867e+00
1.548528525745496154e-04 1.065264086719253100e-06 1.000000000000000000e+00 2.018418788909912109e+00
0.000000000000000000e+00 0.000000000000000000e+00 0.000000000000000000e+00 1.000000000000000000e+00
-9.999901652336120605e-01 4.428761545568704605e-03 -1.352951658191159368e-04 1.208323440551757812e+02
-4.428761545568704605e-03 -9.999901652336120605e-01 -1.967495109056471847e-06 -2.064920663833618164e+00
-1.353025436401367188e-04 -1.368285893477150239e-06 1.000000000000000000e+00 2.018516063690185547e+00
0.000000000000000000e+00 0.000000000000000000e+00 0.000000000000000000e+00 1.000000000000000000e+00
-9.999901056289672852e-01 4.431145265698432922e-03 -2.572605444584041834e-04 1.206003646850585938e+02
-4.431145265698432922e-03 -9.999901652336120605e-01 9.905793376674409956e-07 -2.065937757492065430e+00
-2.572536468505859375e-04 2.130528400812181644e-06 9.999999403953552246e-01 2.018557310104370117e+00
0.000000000000000000e+00 0.000000000000000000e+00 0.000000000000000000e+00 1.000000000000000000e+00
-9.999901652336120605e-01 4.433529917150735855e-03 -5.543885345105081797e-05 1.203627929687500000e+02
-4.433529917150735855e-03 -9.999901652336120605e-01 1.352120193587325048e-06 -2.066995859146118164e+00
